0	50.0924	14.32231	331
14.5	50.09234	14.32213	332
28.9	50.09232	14.32193	332
75.4	50.09235	14.32128	333
91.1	50.09234	14.32106	334
102.3	50.09244	14.32107	334
123.5	50.09263	14.32109	333
130.1	50.09269	14.32109	332
190.2	50.09265	14.32193	330
218.8	50.09264	14.32233	330
284.5	50.09261	14.32325	329
318.8	50.09259	14.32373	329
323.8	50.09259	14.3238	329
347.4	50.09257	14.32413	329
361.0	50.09256	14.32432	329
427.6	50.09251	14.32525	329
506.8	50.09252	14.32636	328
581.7	50.09261	14.3274	328
648.9	50.09271	14.32833	328
661.3	50.09273	14.3285	328
814.6	50.09296	14.33062	325
819.1	50.09297	14.33068	324
843.7	50.09301	14.33102	323
848.0	50.09301	14.33108	323
854.5	50.09302	14.33117	323
874.1	50.09305	14.33144	322
945.9	50.09317	14.33243	319
1000.1	50.09328	14.33317	317
1014.6	50.0933	14.33337	317
1069.6	50.09344	14.33411	315
1102.9	50.09352	14.33456	314
1261.9	50.09392	14.3367	313
1267.0	50.09393	14.33677	313
1282.7	50.09397	14.33698	313
1297.6	50.09401	14.33718	312
1324.1	50.09407	14.33754	312
1555.2	50.09463	14.34066	309
1760.6	50.09511	14.34344	307
1837.4	50.09531	14.34447	309
1953.3	50.09558	14.34604	312
2021.3	50.09574	14.34696	312
2027.4	50.09576	14.34704	312
2040.0	50.09579	14.34721	311
2055.6	50.09583	14.34742	310
2370.1	50.09658	14.35167	303
2376.2	50.0966	14.35175	303
2397.6	50.09665	14.35204	303
2413.9	50.09669	14.35226	303
2582.4	50.09711	14.35453	308
2589.0	50.09712	14.35462	308
2602.5	50.09716	14.3548	310
2614.4	50.09719	14.35496	310
2907.3	50.09786	14.35893	309
2931.7	50.09792	14.35926	308
2973.9	50.09802	14.35983	306
3017.8	50.09811	14.36043	305
3046.2	50.09816	14.36082	304
3091.8	50.09823	14.36145	301
3156.8	50.09832	14.36235	298
3171.1	50.09833	14.36255	298
3324.3	50.09851	14.36468	289
3332.9	50.09852	14.3648	288
3351.8	50.09855	14.36506	287
3363.3	50.09856	14.36522	287
3374.0	50.09857	14.36537	286
3395.5	50.09859	14.36567	285
3632.0	50.09885	14.36896	276
3684.6	50.09892	14.36969	274
3688.2	50.09892	14.36974	274
3709.8	50.09895	14.37004	273
3728.9	50.09899	14.3703	273
3785.8	50.09906	14.37109	271
3842.5	50.09912	14.37188	270
3851.2	50.09913	14.372	269
3864.1	50.09914	14.37218	269
3868.3	50.09914	14.37224	269
3975.3	50.09925	14.37373	263
4077.6	50.09938	14.37515	257
4082.7	50.09939	14.37522	257
4103.0	50.09942	14.3755	257
4108.1	50.09943	14.37557	256
4116.7	50.09944	14.37569	256
4147.9	50.09949	14.37612	255
4175.9	50.09952	14.37651	253
4226.9	50.09957	14.37722	252
4238.5	50.09959	14.37738	252
4299.3	50.09963	14.37823	250
4332.8	50.09964	14.3787	249
4342.9	50.09955	14.37872	249
4369.9	50.09931	14.37877	248
4388.9	50.09914	14.3788	248
4401.1	50.09915	14.37897	248
4408.9	50.09915	14.37908	247
4430.4	50.09917	14.37938	246
4467.7	50.0992	14.3799	244
4534.2	50.09925	14.38083	244
4539.9	50.09925	14.38091	244
4663.0	50.09934	14.38263	244
4673.7	50.09934	14.38278	244
4678.1	50.09935	14.38284	244
4799.1	50.09944	14.38453	244
4826.3	50.09946	14.38491	244
4852.7	50.09945	14.38528	244
4870.9	50.09942	14.38553	243
4893.4	50.09938	14.38584	243
4899.5	50.09936	14.38592	243
4906.3	50.09934	14.38601	243
4921.9	50.0993	14.38622	242
4934.9	50.09926	14.38639	242
4950.0	50.0992	14.38658	241
4978.2	50.09907	14.38692	241
5004.1	50.09893	14.38721	241
5019.9	50.09882	14.38735	241
5028.7	50.09876	14.38743	241
5045.4	50.09865	14.38759	241
5065.9	50.09848	14.3877	242
5079.7	50.09836	14.38775	242
5132.5	50.09789	14.38786	245
5155.0	50.09769	14.38791	246
5207.0	50.09723	14.38804	248
5257.1	50.0968	14.38825	250
5304.8	50.09642	14.38856	251
5331.2	50.09622	14.38876	253
5353.2	50.09606	14.38894	253
5364.6	50.09605	14.3891	253
5400.3	50.09604	14.3896	252
5441.5	50.09598	14.39017	251
5475.2	50.09589	14.39062	250
5495.9	50.09584	14.3909	250
5565.2	50.09564	14.39182	249
5601.9	50.09554	14.39231	250
5626.0	50.09547	14.39263	250
5839.3	50.09563	14.39561	240
5844.2	50.09567	14.39564	240
5868.5	50.09568	14.39598	239
5904.4	50.09564	14.39648	238
5909.9	50.09567	14.39654	238
5924.5	50.09558	14.39669	238
5935.1	50.09551	14.39679	238
5943.2	50.09544	14.39682	239
5967.9	50.09537	14.39715	239
5991.6	50.09546	14.39745	239
6037.4	50.09565	14.39802	237
6106.6	50.09565	14.39899	237
6140.8	50.09566	14.39947	237
6212.7	50.09595	14.40037	235
6228.9	50.09602	14.40057	235
6248.2	50.0961	14.40081	235
6346.0	50.0965	14.40203	235
6357.4	50.0964	14.40207	236
6432.8	50.09574	14.40231	241
6497.5	50.09588	14.40319	242
6506.3	50.0959	14.40331	243
6514.5	50.09592	14.40342	242
6574.2	50.09608	14.40422	241
6581.0	50.0961	14.40431	241
6656.4	50.0963	14.40532	239
6665.3	50.09632	14.40544	239
6678.9	50.0962	14.40548	239
6715.7	50.09588	14.40561	239
6721.4	50.09588	14.40569	239
6730.0	50.09589	14.40581	239
6746.9	50.09582	14.40602	239
6760.1	50.09572	14.40612	239
6779.7	50.09555	14.40619	239
6807.7	50.09558	14.40658	238
6847.1	50.09561	14.40713	237
6880.9	50.09557	14.4076	236
6926.4	50.09545	14.40821	235
6973.7	50.09527	14.40881	235
6988.1	50.09519	14.40897	234
6996.0	50.09512	14.40895	234
7005.9	50.09504	14.40901	234
7013.5	50.09498	14.40906	234
7022.4	50.09491	14.40912	234
7032.5	50.09482	14.40914	235
7041.7	50.09488	14.40923	234
7049.7	50.09493	14.40931	234
7055.1	50.09496	14.40937	233
7063.1	50.09501	14.40945	233
7109.4	50.0948	14.41001	232
7126.0	50.09475	14.41023	232
7159.6	50.09466	14.41068	232
7166.1	50.09466	14.41077	231
7182.7	50.09461	14.41099	231
7187.5	50.09459	14.41105	231
7212.3	50.09452	14.41138	231
7216.1	50.09451	14.41143	231
7219.8	50.09452	14.41148	231
7221.6	50.09453	14.4115	231
7224.7	50.09455	14.41153	231
7233.6	50.09447	14.41154	230
7241.7	50.0944	14.41157	230
7249.5	50.09436	14.41166	230
7329.7	50.09412	14.41272	227
7339.7	50.09413	14.41286	226
7355.0	50.09408	14.41306	225
7366.7	50.09398	14.41311	222
7370.7	50.09395	14.41314	222
7378.6	50.0939	14.41322	220
7387.8	50.09387	14.41334	219
7415.1	50.09381	14.41371	215
7426.0	50.09377	14.41385	214
7435.6	50.09372	14.41396	212
7441.1	50.0937	14.41403	211
7449.7	50.09369	14.41415	210
7459.8	50.09368	14.41429	209
7473.3	50.09364	14.41447	207
7486.6	50.09361	14.41465	205
7492.4	50.0936	14.41457	205
7507.4	50.09359	14.41436	206
7512.6	50.09358	14.41429	206
7527.5	50.09354	14.41409	206
7533.3	50.09353	14.41401	206
7559.7	50.09354	14.41364	209
7570.0	50.09352	14.4135	209
7574.8	50.0935	14.41344	209
7579.7	50.09347	14.41339	209
7582.3	50.09345	14.41337	208
7585.7	50.09342	14.41336	208
7589.1	50.09339	14.41337	207
7591.5	50.09337	14.41338	206
7596.4	50.09334	14.41343	205
7604.3	50.09333	14.41354	204
7613.1	50.09331	14.41366	203
7627.3	50.0932	14.41376	202
7648.7	50.09325	14.41405	200
7679.9	50.0933	14.41448	197
7701.6	50.09336	14.41477	196
7836.6	50.09388	14.41648	198
7856.4	50.09372	14.4166	193
7874.2	50.09357	14.41669	189
8035.6	50.09223	14.41756	190
8046.8	50.09214	14.41763	191
8062.4	50.09201	14.41771	193
8075.9	50.0919	14.41779	195
8080.8	50.09186	14.41782	195
8102.3	50.09168	14.41793	198
8114.6	50.09157	14.41794	199
8125.1	50.0915	14.41804	199
8138.9	50.09139	14.41813	200
8155.5	50.09125	14.41821	201
8209.4	50.0908	14.41849	203
8220.3	50.09071	14.41855	203
8230.9	50.09062	14.4186	202
8265.9	50.09033	14.41879	202
8274.2	50.09026	14.41883	202
8283.7	50.09018	14.41888	201
8305.5	50.09	14.419	201
8362.8	50.08952	14.41929	203
8373.6	50.08943	14.41935	203
8386.9	50.08932	14.41942	204
8435.0	50.08892	14.41968	204
8459.1	50.08872	14.41981	203
8563.3	50.08786	14.42039	203
8569.9	50.08781	14.42044	203
8574.8	50.08779	14.4205	203
8641.5	50.08726	14.42094	204
8665.2	50.08709	14.42114	205
8681.1	50.08711	14.42136	205
8711.9	50.08723	14.42175	205
8741.5	50.08727	14.42216	205
8766.6	50.08729	14.42251	205
8797.3	50.08723	14.42293	205
8806.8	50.08721	14.42306	205
8810.6	50.0872	14.42311	205
8827.3	50.08717	14.42334	204
8842.5	50.08715	14.42355	204
8868.9	50.08714	14.42392	204
8900.3	50.08715	14.42436	204
8997.4	50.08718	14.42572	205
9013.4	50.08721	14.42594	206
9034.9	50.08722	14.42624	207
9054.2	50.08723	14.42651	208
9115.0	50.08727	14.42736	208
9124.9	50.08727	14.4275	208
9136.8	50.08724	14.42766	208
9150.1	50.08721	14.42784	208
9159.3	50.08718	14.42796	208
9181.7	50.08712	14.42826	208
9199.1	50.08721	14.42846	207
9211.4	50.08717	14.42862	207
9219.2	50.08717	14.42873	207
9231.4	50.08718	14.4289	206
9242.8	50.08718	14.42906	206
9283.5	50.08719	14.42963	204
9462.6	50.08722	14.43214	207
9474.8	50.08722	14.43231	206
9485.5	50.08723	14.43246	206
9501.9	50.08723	14.43269	205
9635.3	50.08723	14.43456	201
9676.7	50.08723	14.43514	200
9685.6	50.08721	14.43526	200
9700.0	50.08715	14.43544	200
9761.1	50.08691	14.43621	202
9802.9	50.08675	14.43674	202
9836.2	50.08662	14.43716	203
9852.6	50.08656	14.43737	204
9891.4	50.08631	14.43775	205
9895.0	50.08629	14.43779	205
9904.8	50.08623	14.43789	205
9915.0	50.08618	14.43801	205
9926.4	50.08613	14.43815	206
9991.4	50.08585	14.43895	210
9997.4	50.08582	14.43902	210
10014.3	50.08573	14.43921	211
10097.6	50.08526	14.44012	214
10110.9	50.08519	14.44027	214
10121.8	50.08515	14.44041	215
10132.6	50.0851	14.44054	215
10139.9	50.08506	14.44062	215
10149.4	50.08498	14.44067	215
10164.1	50.08485	14.4407	216
10207.0	50.08448	14.44053	216
10215.8	50.08446	14.44065	217
10257.3	50.08443	14.44123	220
10289.0	50.08439	14.44167	223
10297.2	50.08437	14.44178	223
10308.9	50.08427	14.44183	224
10384.7	50.08378	14.44257	227
10396.6	50.0837	14.44268	228
10460.7	50.08326	14.44326	233
10501.0	50.08298	14.44362	238
10524.4	50.08283	14.44385	242
10531.5	50.08278	14.44391	243
10535.1	50.08276	14.44395	243
10571.9	50.08245	14.44413	248
10627.8	50.08198	14.44441	256
10665.6	50.08166	14.44459	262
10700.7	50.08136	14.44474	265
10706.3	50.08131	14.44475	266
10747.2	50.08123	14.44531	268
10760.1	50.08122	14.44549	269
10849.3	50.08065	14.44637	273
10946.0	50.08003	14.44732	274
10952.3	50.07998	14.44736	274
11064.4	50.07909	14.4481	271
11079.9	50.07897	14.44821	270
11091.6	50.07887	14.44826	270
11134.5	50.0785	14.44843	270
11143.8	50.07842	14.44847	270
11150.8	50.07836	14.4485	270
11201.1	50.07792	14.44866	268
11209.6	50.07792	14.44878	267
11219.0	50.07793	14.44891	267
11244.5	50.07771	14.44901	266
11250.7	50.07766	14.44905	266
11268.3	50.07751	14.44913	265
11274.9	50.07746	14.44918	265
11285.9	50.07738	14.44927	266
11306.3	50.07732	14.44954	266
11312.3	50.07727	14.44951	267
11319.5	50.07726	14.44941	267
