0	50.092322	14.322348	331
13.2	50.092438	14.322312	331
36.8	50.092650	14.322296	330
104.9	50.092614	14.323250	329
168.1	50.092577	14.324134	329
256.3	50.091800	14.324379	331
418.6	50.090376	14.324878	327
425.4	50.090315	14.324893	326
455.4	50.090090	14.325125	325
485.5	50.089848	14.325313	324
495.6	50.089816	14.325446	324
534.9	50.089837	14.325996	323
546.1	50.089837	14.326153	323
564.4	50.089780	14.326393	323
600.8	50.089645	14.326858	321
656.4	50.089422	14.327555	320
669.7	50.089303	14.327578	319
751.6	50.088592	14.327276	316
763.8	50.088574	14.327444	316
778.8	50.088482	14.327598	316
821.7	50.088134	14.327856	317
863.8	50.087785	14.328086	320
943.5	50.087416	14.329043	323
979.0	50.087236	14.329455	325
985.4	50.087199	14.329523	326
1005.1	50.087022	14.329509	328
1027.0	50.086854	14.329348	330
1052.0	50.086639	14.329245	333
1094.0	50.086262	14.329284	343
1118.4	50.086164	14.329589	347
1181.0	50.086202	14.330465	348
1297.0	50.086167	14.332090	351
1499.0	50.085769	14.334852	363
1680.8	50.085167	14.337222	367
1749.8	50.084853	14.338056	368
1791.4	50.085156	14.338397	366
1806.3	50.085271	14.338503	366
1821.2	50.085338	14.338684	366
1854.1	50.085600	14.338900	366
1926.8	50.086184	14.339357	368
1969.2	50.086529	14.339612	368
1985.0	50.086582	14.339817	368
2042.4	50.086965	14.340357	367
2083.9	50.087094	14.340903	367
2090.3	50.087112	14.340988	367
2191.3	50.087452	14.342300	365
2324.3	50.087884	14.344039	367
2342.2	50.087942	14.344272	367
2419.5	50.088204	14.345276	365
2561.7	50.088687	14.347121	366
2693.9	50.089110	14.348854	364
2867.1	50.089689	14.351108	362
2897.9	50.089785	14.351512	362
2929.5	50.089892	14.351922	362
3121.8	50.090539	14.354422	357
3365.1	50.091327	14.357604	348
3390.9	50.091408	14.357943	347
3437.8	50.091558	14.358557	346
3489.1	50.091660	14.359258	345
3591.7	50.091731	14.360693	343
3983.3	50.092029	14.366162	333
4083.8	50.092024	14.367571	330
4153.5	50.092095	14.368542	326
4204.5	50.092254	14.369213	321
4244.0	50.092390	14.369724	317
4291.0	50.092552	14.370333	313
4300.9	50.092519	14.370462	313
4423.5	50.092569	14.372178	309
4514.2	50.092645	14.373444	309
4522.0	50.092641	14.373553	309
4622.2	50.092612	14.374957	308
4649.1	50.092617	14.375334	308
4659.2	50.092575	14.375459	308
4748.4	50.092612	14.376709	307
4792.9	50.092608	14.377333	307
4813.0	50.092666	14.377600	306
4838.3	50.092811	14.377873	305
4880.8	50.092809	14.378469	305
4954.0	50.092803	14.379494	302
4975.8	50.092797	14.379800	301
5153.7	50.092797	14.382293	293
5325.4	50.092775	14.384700	286
5364.4	50.092764	14.385247	284
5485.3	50.092759	14.386941	277
5508.0	50.092758	14.387260	276
5527.9	50.092691	14.387518	275
5566.4	50.092740	14.388053	274
5640.2	50.092779	14.389086	273
5850.3	50.093097	14.391989	268
5869.5	50.092927	14.392030	269
5881.5	50.092944	14.392196	268
6191.6	50.093406	14.396484	259
6235.1	50.093403	14.397094	259
6328.7	50.093168	14.398354	259
6448.8	50.093395	14.399999	257
6518.1	50.093543	14.400943	255
6815.9	50.094140	14.405012	246
6824.7	50.094062	14.405037	245
6889.5	50.094218	14.405912	244
6906.9	50.094083	14.406036	242
6915.9	50.094016	14.406106	241
6981.3	50.094270	14.406933	241
7016.6	50.094308	14.407424	240
7038.6	50.094241	14.407715	240
7052.8	50.094368	14.407732	239
7063.4	50.094447	14.407816	239
7108.9	50.094591	14.408413	237
7135.9	50.094615	14.408789	236
7152.6	50.094574	14.409014	236
7169.1	50.094457	14.409157	236
7183.1	50.094467	14.409352	235
7209.0	50.094485	14.409714	234
7233.3	50.094508	14.410053	233
7288.7	50.094548	14.410828	232
7302.5	50.094612	14.410993	231
7323.7	50.094552	14.411275	231
7337.9	50.094571	14.411472	231
7342.7	50.094574	14.411539	231
7360.6	50.094421	14.411616	230
7365.3	50.094384	14.411650	230
7447.5	50.094125	14.412728	227
7457.2	50.094137	14.412863	227
7472.7	50.094081	14.413062	225
7484.0	50.093985	14.413116	223
7504.6	50.093871	14.413344	219
7564.6	50.093715	14.414148	211
7593.1	50.093660	14.414539	207
7599.3	50.093618	14.414595	205
7616.6	50.093570	14.414364	205
7666.8	50.093553	14.413660	209
7690.0	50.093450	14.413378	208
7697.8	50.093380	14.413392	207
7709.8	50.093354	14.413554	205
7733.6	50.093189	14.413767	201
7756.2	50.093231	14.414078	200
7809.4	50.093357	14.414797	196
7943.5	50.093891	14.416483	198
8142.9	50.092239	14.417568	190
8152.0	50.092164	14.417619	191
8166.0	50.092215	14.417798	191
8270.0	50.092601	14.419126	189
8338.1	50.092776	14.420041	191
8450.5	50.091778	14.420290	200
8530.7	50.091058	14.420368	202
8582.2	50.090599	14.420468	202
8587.7	50.090603	14.420544	202
8622.3	50.090633	14.421027	202
8673.5	50.090200	14.421273	202
8694.9	50.090092	14.421025	202
8712.1	50.090001	14.420830	202
8727.2	50.089920	14.420660	202
8744.8	50.089826	14.420857	202
8789.6	50.089442	14.421049	203
8827.8	50.089162	14.421360	203
8878.9	50.088828	14.421851	202
8903.1	50.088689	14.422112	202
8999.6	50.087907	14.422700	204
9023.1	50.088006	14.422990	204
9027.6	50.087968	14.423015	204
9073.1	50.087617	14.423342	206
9107.0	50.087417	14.422984	205
9127.7	50.087233	14.422939	205
9136.7	50.087215	14.423062	205
9157.0	50.087178	14.423340	204
9172.3	50.087153	14.423552	204
9327.1	50.087190	14.425720	205
9365.7	50.087241	14.426256	207
9442.2	50.087262	14.427328	208
9479.9	50.087227	14.427853	208
9518.3	50.087195	14.428389	207
9524.9	50.087194	14.428482	207
9543.3	50.087179	14.428738	207
9554.8	50.087205	14.428895	206
9799.4	50.087229	14.432322	206
9817.1	50.087233	14.432570	205
10004.1	50.087252	14.435192	200
10023.5	50.087186	14.435443	200
10154.1	50.086651	14.437072	203
10161.8	50.086616	14.437166	203
10200.5	50.086469	14.437658	204
10237.2	50.086319	14.438116	205
10260.6	50.086190	14.438375	206
10320.8	50.085914	14.439101	210
10430.2	50.085333	14.440339	215
10472.9	50.085243	14.440920	218
10499.7	50.085014	14.440804	216
10562.6	50.084468	14.440573	217
10609.9	50.084415	14.441231	220
10649.8	50.084373	14.441786	223
10747.8	50.083705	14.442683	228
10806.4	50.083306	14.443219	232
10884.0	50.082767	14.443909	243
10976.3	50.082009	14.444438	256
11052.9	50.081350	14.444749	265
11108.0	50.081226	14.445497	269
11197.3	50.080655	14.446377	273
11293.8	50.080036	14.447325	274
11427.6	50.078976	14.448214	270
11499.2	50.078360	14.448502	270
11548.7	50.077928	14.448670	268
11638.3	50.077146	14.448976	267
11676.1	50.077174	14.449503	268
