0	50.092322	14.322348	331
13.2	50.092438	14.322312	331
36.8	50.092650	14.322296	330
104.9	50.092614	14.323250	329
168.1	50.092577	14.324134	329
256.3	50.091800	14.324379	331
418.6	50.090376	14.324878	327
425.4	50.090315	14.324893	326
455.4	50.090090	14.325125	325
485.5	50.089848	14.325313	324
495.6	50.089816	14.325446	324
510.0	50.089770	14.325634	324
525.5	50.089777	14.325851	323
537.8	50.089837	14.325996	323
549.0	50.089837	14.326153	323
567.3	50.089780	14.326393	323
603.7	50.089645	14.326858	321
659.2	50.089422	14.327555	320
672.6	50.089303	14.327578	319
754.5	50.088592	14.327276	316
766.7	50.088574	14.327444	316
781.7	50.088482	14.327598	316
824.5	50.088134	14.327856	317
912.0	50.087978	14.329058	319
922.8	50.087962	14.329207	319
932.1	50.087949	14.329336	319
952.3	50.088099	14.329495	317
981.3	50.088225	14.329851	316
1076.7	50.088405	14.331158	315
1111.8	50.088596	14.331550	315
1246.2	50.089560	14.332687	314
1297.6	50.089923	14.333133	314
1422.4	50.089417	14.334694	316
1444.5	50.089606	14.334791	314
1452.6	50.089651	14.334881	314
1460.4	50.089704	14.334951	313
1514.0	50.089876	14.335654	314
1631.7	50.090376	14.337107	316
1711.6	50.090890	14.337891	314
1741.0	50.091035	14.338235	314
1796.5	50.091228	14.338953	315
1898.8	50.091374	14.340368	319
1970.6	50.091754	14.341182	315
1999.8	50.091576	14.341484	320
2022.8	50.091652	14.341784	321
2097.0	50.092001	14.342670	331
2154.6	50.092414	14.343157	332
2246.9	50.093196	14.343591	326
2296.6	50.093517	14.344076	328
2376.6	50.093774	14.345123	332
2421.6	50.093776	14.345754	332
2472.4	50.093652	14.346439	334
2498.0	50.093562	14.346770	334
2573.9	50.093353	14.347783	331
2616.1	50.093264	14.348358	327
2621.7	50.093234	14.348421	327
2640.3	50.093155	14.348651	327
2664.7	50.092983	14.348863	328
2680.3	50.092929	14.349065	327
2708.2	50.092685	14.349153	328
2743.0	50.092740	14.349634	326
2756.3	50.092656	14.349767	326
2768.1	50.092553	14.349807	326
2784.6	50.092408	14.349759	329
2837.1	50.092233	14.350443	330
2894.1	50.092106	14.351217	331
2956.4	50.092029	14.352081	331
2972.4	50.092053	14.352303	330
3087.9	50.091970	14.353916	331
3140.2	50.091992	14.354649	329
3253.0	50.092044	14.356228	328
3357.5	50.092276	14.357648	323
3520.1	50.092429	14.359914	323
3603.2	50.092671	14.361016	320
3664.5	50.092793	14.361855	319
3759.4	50.092892	14.363176	316
3988.3	50.093050	14.366375	311
4089.9	50.093205	14.367778	309
4126.7	50.093144	14.368286	310
4166.0	50.093490	14.368399	306
4180.7	50.093618	14.368450	304
4192.5	50.093598	14.368612	304
4249.2	50.094107	14.368652	296
4350.7	50.094038	14.370071	295
4519.6	50.093925	14.372432	293
4558.4	50.093888	14.372974	293
4769.7	50.093628	14.375908	297
4857.6	50.094166	14.376811	291
4869.3	50.094270	14.376830	290
4963.6	50.094170	14.378143	289
5111.6	50.094180	14.380217	284
5163.9	50.094184	14.380951	282
5219.8	50.094190	14.381735	280
5368.9	50.094187	14.383825	280
5465.4	50.094064	14.385164	281
5474.9	50.093986	14.385219	281
5596.5	50.092893	14.385242	284
5610.8	50.092764	14.385247	284
5731.7	50.092759	14.386941	277
5754.4	50.092758	14.387260	276
5774.3	50.092691	14.387518	275
5812.9	50.092740	14.388053	274
5886.7	50.092779	14.389086	273
6096.8	50.093097	14.391989	268
6110.6	50.093116	14.392181	268
6129.8	50.092944	14.392196	268
6439.9	50.093406	14.396484	259
6483.5	50.093403	14.397094	259
6577.1	50.093168	14.398354	259
6697.1	50.093395	14.399999	257
6766.4	50.093543	14.400943	255
7064.2	50.094140	14.405012	246
7073.0	50.094062	14.405037	245
7137.8	50.094218	14.405912	244
7143.0	50.094256	14.405870	244
7234.0	50.094483	14.407096	240
7261.2	50.094655	14.407366	239
7274.6	50.094738	14.407503	239
7367.3	50.094942	14.408763	235
7415.8	50.094714	14.409343	234
7447.2	50.094973	14.409169	234
7458.6	50.095017	14.409314	233
7466.2	50.095033	14.409417	233
7510.0	50.094831	14.409944	232
7572.3	50.094661	14.410777	231
7588.7	50.094612	14.410993	231
7609.9	50.094552	14.411275	231
7624.1	50.094571	14.411472	231
7628.9	50.094574	14.411539	231
7646.8	50.094421	14.411616	230
7651.5	50.094384	14.411650	230
7733.6	50.094125	14.412728	227
7743.4	50.094137	14.412863	227
7758.9	50.094081	14.413062	225
7770.2	50.093985	14.413116	223
7790.8	50.093871	14.413344	219
7850.8	50.093715	14.414148	211
7879.3	50.093660	14.414539	207
7885.5	50.093618	14.414595	205
7902.8	50.093570	14.414364	205
7953.0	50.093553	14.413660	209
7976.2	50.093450	14.413378	208
7984.0	50.093380	14.413392	207
7995.9	50.093354	14.413554	205
8019.8	50.093189	14.413767	201
8042.4	50.093231	14.414078	200
8095.6	50.093357	14.414797	196
8229.7	50.093891	14.416483	198
8429.1	50.092239	14.417568	190
8438.2	50.092164	14.417619	191
8452.1	50.092215	14.417798	191
8556.1	50.092601	14.419126	189
8624.3	50.092776	14.420041	191
8736.6	50.091778	14.420290	200
8816.9	50.091058	14.420368	202
8868.4	50.090599	14.420468	202
8873.9	50.090603	14.420544	202
8908.5	50.090633	14.421027	202
8959.7	50.090200	14.421273	202
8981.1	50.090092	14.421025	202
8998.3	50.090001	14.420830	202
9013.4	50.089920	14.420660	202
9030.9	50.089826	14.420857	202
9075.8	50.089442	14.421049	203
9114.0	50.089162	14.421360	203
9165.1	50.088828	14.421851	202
9189.3	50.088689	14.422112	202
9285.8	50.087907	14.422700	204
9309.2	50.088006	14.422990	204
9313.8	50.087968	14.423015	204
9359.3	50.087617	14.423342	206
9393.2	50.087417	14.422984	205
9413.9	50.087233	14.422939	205
9422.9	50.087215	14.423062	205
9443.1	50.087178	14.423340	204
9458.5	50.087153	14.423552	204
9613.2	50.087190	14.425720	205
9651.9	50.087241	14.426256	207
9728.4	50.087262	14.427328	208
9766.1	50.087227	14.427853	208
9804.5	50.087195	14.428389	207
9811.1	50.087194	14.428482	207
9829.5	50.087179	14.428738	207
9841.0	50.087205	14.428895	206
10085.5	50.087229	14.432322	206
10103.2	50.087233	14.432570	205
10290.3	50.087252	14.435192	200
10309.7	50.087186	14.435443	200
10440.2	50.086651	14.437072	203
10448.0	50.086616	14.437166	203
10486.7	50.086469	14.437658	204
10523.4	50.086319	14.438116	205
10546.8	50.086190	14.438375	206
10607.0	50.085914	14.439101	210
10716.4	50.085333	14.440339	215
10759.1	50.085243	14.440920	218
10785.9	50.085014	14.440804	216
10848.8	50.084468	14.440573	217
10896.1	50.084415	14.441231	220
10936.0	50.084373	14.441786	223
11034.0	50.083705	14.442683	228
11092.6	50.083306	14.443219	232
11170.1	50.082767	14.443909	243
11262.5	50.082009	14.444438	256
11401.1	50.082426	14.446268	259
11488.7	50.082688	14.447427	259
11586.0	50.081865	14.447891	267
11615.9	50.081762	14.447504	268
11700.7	50.081093	14.448073	269
11831.1	50.080655	14.446377	273
11927.6	50.080036	14.447325	274
12061.5	50.078976	14.448214	270
12133.0	50.078360	14.448502	270
12182.5	50.077928	14.448670	268
12272.2	50.077146	14.448976	267
12309.9	50.077174	14.449503	268
